Starting: C:\Users\dung\go\bin\dlv.exe dap --listen=127.0.0.1:53195 from c:\src\primes
DAP server listening at: 127.0.0.1:53195
Type 'dlv help' for list of commands.
---------------------------------------------------------------------------------
| Search primes N= 1000 . Threads =  1
---------------------------------------------------------------------------------
Sieve size (bytes):  36
  5  11     
  6  13     
  7  17     
  8  19     
  9  23     
 10  29     
 11  31     
 12  37     
 13  41     
 14  43     
 15  47     
 16  53     
 17  59     
 18  61     
 19  67     
 20  71     
 21  73     
 22  79     
 23  83     
 24  89     
 25  97     
 26 101     
 27 103     
 28 107     
 29 109     
 30 113     
 30 121   x 
 31 127     
 32 131     
 33 137     
 34 139     
 34 143   x 
 35 149     
 36 151     
 37 157     
 38 163     
 38 167   x 
 39 169     
 39 173   x 
 40 179     
 41 181     
 42 187     
 43 191     
 43 193   x 
 44 197     
 45 199     
 45 209   x 
 46 211     
 46 221   x 
 47 223     
 48 227     
 49 229     
 49 233   x 
 50 239     
 51 241     
 52 247     
 52 251   x 
 53 253     
 54 257     
 55 263     
 55 269   x 
 56 271     
 56 277   x 
 57 281     
 57 283   x 
 58 289     
 59 293     
 60 299     
 61 307     
 62 311     
 63 313     
 64 317     
 64 319   x 
 64 323   x 
 65 331     
 66 337     
 67 341     
 68 347     
 68 349   x 
 69 353     
 69 359   x 
 70 361     
 70 367   x 
 71 373     
 72 377     
 73 379     
 73 383   x 
 73 389   x 
 74 391     
 75 397     
 75 401   x 
 76 403     
 77 407     
 78 409     
 79 419     
 80 421     
 80 431   x 
 81 433     
 82 437     
 83 439     
 84 443     
 85 449     
 85 451   x 
 86 457     
 86 461   x 
 87 463     
 87 467   x 
 87 473   x 
 88 479     
 89 481     
 90 487     
 90 491   x 
 91 493     
 92 499     
 93 503     
 94 509     
 94 517   x 
 95 521     
 96 523
 97 527     
 97 529   x 
 98 533     
 98 541   x 
 99 547     
100 551     
101 557     
101 559   x 
102 563     
103 569     
104 571     
104 577   x 
105 583     
105 587   x 
106 589     
106 593   x 
107 599     
108 601     
108 607   x 
108 611   x 
109 613     
110 617     
111 619     
111 629   x 
112 631     
113 641     
114 643     
115 647     
116 649     
117 653     
118 659     
118 661   x 
118 667   x 
119 671     
120 673     
121 677     
122 683     
122 689   x 
123 691     
124 697     
124 701   x 
125 703     
126 709     
126 713   x 
127 719     
128 727     
129 731     
129 733   x 
129 737   x 
130 739     
131 743     
132 751     
133 757     
133 761   x 
134 767     
134 769   x 
135 773     
135 779   x 
136 781     
137 787     
138 793     
138 797   x 
139 799     
139 803   x 
140 809     
141 811     
142 817     
142 821   x 
142 823   x 
142 827   x 
143 829     
143 839   x 
144 841     
144 851   x 
145 853     
145 857   x 
146 859     
147 863     
148 869     
148 871   x 
149 877     
150 881     
151 883     
151 887   x 
152 893     
152 899   x 
153 901     
154 907     
154 911   x 
155 913     
156 919     
156 923   x 
157 929     
157 937   x 
158 941     
159 943     
160 947     
160 949   x 
161 953     
161 961   x 
162 967     
162 971   x 
163 977     
163 979   x 
164 983     
164 989   x 
165 991     
166 997     

 1000 FAILED! Actual= 166 ,Expected= 168 .Time:  571.8µs
Process 31024 has exited with status 0
Detaching
