  i   p     |   d   m   t  ii    
------------------------------------
  0  11     |   0   0   0   0    
  1  13     |   2   2   1   1    
  2  17     |   4   6   1   2    
  3  19     |   2   8   2   3    
  4  23     |   4  12   2   4    
  5  29     |   6  18   1   5    
  6  31     |   2  20   2   6    
  7  37     |   6  26   2   7    
  8  41     |   4  30   2   8    
  9  43     |   2  32   2   9    
 10  47     |   4  36   2  10    
 11  53     |   6  42   2  11    
 12  59     |   6  48   2  12    
 13  61     |   2  50   2  13    
 14  67     |   6  56   2  14    
 15  71     |   4  60   2  15    
 16  73     |   2  62   2  16    
 17  79     |   6  68   2  17    
 18  83     |   4  72   2  18    
 19  89     |   6  78   2  19    
 20  97     |   8  86   1  20    
 21 101     |   4  90   1  21    
 22 103     |   2  92   1  22    
 23 107     |   4  96   2  23    
 24 109     |   2  98   2  24    
 25 113     |   4 102   2  25    
 26 121     |   8   5   1  26    
 27 127     |   6  11   1  27    
 28 131     |   4  15   1  28    
 29 137     |   6  21   1  29    
 30 139     |   2  23   1  30    
 31 143     |   4  27   1  31    
 32 149     |   6  33   1  32    
 33 151     |   2  35   1  33    
 34 157     |   6  41   1  34    
 35 163     |   6  47   1  35    
 36 167     |   4  51   1  36    
 37 169     |   2  53   1  37    
 38 173     |   4  57   1  38    
 39 179     |   6  63   1  39    
 40 181     |   2  65   2  40    
 41 187     |   6  71   1  41    
 42 191     |   4  75   1  42    
 43 193     |   2  77   2  43    
 44 197     |   4  81   2  44    
 45 199     |   2  83   3  45    
 46 209     |  10  93   1  46    
 47 211     |   2  95   2  47    
- - - - - - - - - - - - - - - - - - - 
 48 221     |  10   0   0  48    
 49 223     |   2   2   1  49    
 50 227     |   4   6   1  50    
 51 229     |   2   8   2  51    
 52 233     |   4  12   2  52    
 53 239     |   6  18   1  53    
 54 241     |   2  20   2  54    
 55 247     |   6  26   2  55    
 56 251     |   4  30   2  56    
 57 253     |   2  32   2  57    
 58 257     |   4  36   2  58    
 59 263     |   6  42   2  59    
 60 269     |   6  48   2  60    
 61 271     |   2  50   2  61    
 62 277     |   6  56   2  62    
 63 281     |   4  60   2  63    
 64 283     |   2  62   2  64    
 65 289     |   6  68   2  65    
 66 293     |   4  72   2  66    
 67 299     |   6  78   2  67    
 68 307     |   8  86   1  68    
 69 311     |   4  90   1  69    
 70 313     |   2  92   1  70    
 71 317     |   4  96   2  71    
 72 319     |   2  98   2  72    
 73 323     |   4 102   2  73    
 74 331     |   8   5   1  74    
 75 337     |   6  11   1  75    
 76 341     |   4  15   1  76    
 77 347     |   6  21   1  77    
 78 349     |   2  23   1  78    
 79 353     |   4  27   1  79    
 80 359     |   6  33   1  80    
 81 361     |   2  35   1  81    
 82 367     |   6  41   1  82    
 83 373     |   6  47   1  83    
 84 377     |   4  51   1  84    
 85 379     |   2  53   1  85    
 86 383     |   4  57   1  86    
 87 389     |   6  63   1  87    
 88 391     |   2  65   2  88    
 89 397     |   6  71   1  89    
 90 401     |   4  75   1  90    
 91 403     |   2  77   2  91    
 92 407     |   4  81   2  92    
 93 409     |   2  83   3  93    
 94 419     |  10  93   1  94    
 95 421     |   2  95   2  95    
- - - - - - - - - - - - - - - - - - - 
 96 431     |  10   0   0  96    
 97 433     |   2   2   1  97    
 98 437     |   4   6   1  98    
 99 439     |   2   8   2  99    
100 443     |   4  12   2 100    
101 449     |   6  18   1 101    
102 451     |   2  20   2 102    
103 457     |   6  26   2 103    
104 461     |   4  30   2 104    
105 463     |   2  32   2 105    
106 467     |   4  36   2 106    
107 473     |   6  42   2 107    
108 479     |   6  48   2 108    
109 481     |   2  50   2 109    
110 487     |   6  56   2 110    
111 491     |   4  60   2 111    
112 493     |   2  62   2 112    
113 499     |   6  68   2 113    
114 503     |   4  72   2 114    
115 509     |   6  78   2 115    
116 517     |   8  86   1 116    
117 521     |   4  90   1 117    
118 523     |   2  92   1 118    
119 527     |   4  96   2 119    
120 529     |   2  98   2 120    
121 533     |   4 102   2 121    
122 541     |   8   5   1 122    
123 547     |   6  11   1 123    
124 551     |   4  15   1 124    
125 557     |   6  21   1 125    
126 559     |   2  23   1 126    
127 563     |   4  27   1 127    
128 569     |   6  33   1 128    
129 571     |   2  35   1 129    
130 577     |   6  41   1 130    
131 583     |   6  47   1 131    
132 587     |   4  51   1 132    
133 589     |   2  53   1 133    
134 593     |   4  57   1 134    
135 599     |   6  63   1 135    
136 601     |   2  65   2 136    
137 607     |   6  71   1 137    
138 611     |   4  75   1 138    
139 613     |   2  77   2 139    
140 617     |   4  81   2 140    
141 619     |   2  83   3 141    
142 629     |  10  93   1 142    
143 631     |   2  95   2 143    
- - - - - - - - - - - - - - - - - - - 
144 641     |  10   0   0 144    
145 643     |   2   2   1 145    
146 647     |   4   6   1 146    
147 649     |   2   8   2 147    
148 653     |   4  12   2 148    
149 659     |   6  18   1 149    
150 661     |   2  20   2 150    
151 667     |   6  26   2 151    
152 671     |   4  30   2 152    
153 673     |   2  32   2 153    
154 677     |   4  36   2 154    
155 683     |   6  42   2 155    
156 689     |   6  48   2 156    
157 691     |   2  50   2 157    
158 697     |   6  56   2 158    
159 701     |   4  60   2 159    
160 703     |   2  62   2 160    
161 709     |   6  68   2 161    
162 713     |   4  72   2 162    
163 719     |   6  78   2 163    
164 727     |   8  86   1 164    
165 731     |   4  90   1 165    
166 733     |   2  92   1 166    
167 737     |   4  96   2 167    
168 739     |   2  98   2 168    
169 743     |   4 102   2 169    
170 751     |   8   5   1 170    
171 757     |   6  11   1 171    
172 761     |   4  15   1 172    
173 767     |   6  21   1 173    
174 769     |   2  23   1 174    
175 773     |   4  27   1 175    
176 779     |   6  33   1 176    
177 781     |   2  35   1 177    
178 787     |   6  41   1 178    
179 793     |   6  47   1 179    
180 797     |   4  51   1 180    
181 799     |   2  53   1 181    
182 803     |   4  57   1 182    
183 809     |   6  63   1 183    
184 811     |   2  65   2 184    
185 817     |   6  71   1 185    
186 821     |   4  75   1 186    
187 823     |   2  77   2 187    
188 827     |   4  81   2 188    
189 829     |   2  83   3 189    
190 839     |  10  93   1 190    
191 841     |   2  95   2 191    
- - - - - - - - - - - - - - - - - - - 
192 851     |  10   0   0 192    
193 853     |   2   2   1 193    
194 857     |   4   6   1 194    
195 859     |   2   8   2 195    
196 863     |   4  12   2 196    
197 869     |   6  18   1 197    
198 871     |   2  20   2 198    
199 877     |   6  26   2 199    
200 881     |   4  30   2 200    
201 883     |   2  32   2 201    
202 887     |   4  36   2 202    
203 893     |   6  42   2 203    
204 899     |   6  48   2 204    
205 901     |   2  50   2 205    
206 907     |   6  56   2 206    
207 911     |   4  60   2 207    
208 913     |   2  62   2 208    
209 919     |   6  68   2 209    
210 923     |   4  72   2 210    
211 929     |   6  78   2 211    
212 937     |   8  86   1 212    
213 941     |   4  90   1 213    
214 943     |   2  92   1 214    
215 947     |   4  96   2 215    
216 949     |   2  98   2 216    
217 953     |   4 102   2 217    
218 961     |   8   5   1 218    
219 967     |   6  11   1 219    
220 971     |   4  15   1 220    
221 977     |   6  21   1 221    
222 979     |   2  23   1 222    
223 983     |   4  27   1 223    
224 989     |   6  33   1 224    
225 991     |   2  35   1 225    
226 997     |   6  41   1 226    
227 1003     |   6  47   1 227    
228 1007     |   4  51   1 228    
229 1009     |   2  53   1 229    
230 1013     |   4  57   1 230    
231 1019     |   6  63   1 231    
232 1021     |   2  65   2 232    
233 1027     |   6  71   1 233    
234 1031     |   4  75   1 234    
235 1033     |   2  77   2 235    
236 1037     |   4  81   2 236    
237 1039     |   2  83   3 237    
238 1049     |  10  93   1 238    
239 1051     |   2  95   2 239    
- - - - - - - - - - - - - - - - - - - 
240 1061     |  10   0   0 240    
241 1063     |   2   2   1 241    
242 1067     |   4   6   1 242    
243 1069     |   2   8   2 243    
244 1073     |   4  12   2 244    
245 1079     |   6  18   1 245    
246 1081     |   2  20   2 246    
247 1087     |   6  26   2 247    
248 1091     |   4  30   2 248    
249 1093     |   2  32   2 249    
250 1097     |   4  36   2 250    
251 1103     |   6  42   2 251    
252 1109     |   6  48   2 252    
253 1111     |   2  50   2 253    
254 1117     |   6  56   2 254    
255 1121     |   4  60   2 255    
256 1123     |   2  62   2 256    
257 1129     |   6  68   2 257    
258 1133     |   4  72   2 258    
259 1139     |   6  78   2 259    
260 1147     |   8  86   1 260    
261 1151     |   4  90   1 261    
262 1153     |   2  92   1 262    
263 1157     |   4  96   2 263    
264 1159     |   2  98   2 264    
265 1163     |   4 102   2 265    
266 1171     |   8   5   1 266    
267 1177     |   6  11   1 267    
268 1181     |   4  15   1 268    
269 1187     |   6  21   1 269    
270 1189     |   2  23   1 270    
271 1193     |   4  27   1 271    
272 1199     |   6  33   1 272    
273 1201     |   2  35   1 273    
274 1207     |   6  41   1 274    
275 1213     |   6  47   1 275    
276 1217     |   4  51   1 276    
277 1219     |   2  53   1 277    
278 1223     |   4  57   1 278    
279 1229     |   6  63   1 279    
280 1231     |   2  65   2 280    
281 1237     |   6  71   1 281    
282 1241     |   4  75   1 282    
283 1243     |   2  77   2 283    
284 1247     |   4  81   2 284    
285 1249     |   2  83   3 285    
286 1259     |  10  93   1 286    
287 1261     |   2  95   2 287    
- - - - - - - - - - - - - - - - - - - 
288 1271     |  10   0   0 288    
289 1273     |   2   2   1 289    
290 1277     |   4   6   1 290    
291 1279     |   2   8   2 291    
292 1283     |   4  12   2 292    
293 1289     |   6  18   1 293    
294 1291     |   2  20   2 294    
295 1297     |   6  26   2 295    
296 1301     |   4  30   2 296    
297 1303     |   2  32   2 297    
298 1307     |   4  36   2 298    
299 1313     |   6  42   2 299    
300 1319     |   6  48   2 300    
301 1321     |   2  50   2 301    
302 1327     |   6  56   2 302    
303 1331     |   4  60   2 303    
304 1333     |   2  62   2 304    
305 1339     |   6  68   2 305    
306 1343     |   4  72   2 306    
307 1349     |   6  78   2 307    
308 1357     |   8  86   1 308    
309 1361     |   4  90   1 309    
310 1363     |   2  92   1 310    
311 1367     |   4  96   2 311    
312 1369     |   2  98   2 312    
313 1373     |   4 102   2 313    
314 1381     |   8   5   1 314    
315 1387     |   6  11   1 315    
316 1391     |   4  15   1 316    
317 1397     |   6  21   1 317    
318 1399     |   2  23   1 318    
319 1403     |   4  27   1 319    
320 1409     |   6  33   1 320    
321 1411     |   2  35   1 321    
322 1417     |   6  41   1 322    
323 1423     |   6  47   1 323    
324 1427     |   4  51   1 324    
325 1429     |   2  53   1 325    
326 1433     |   4  57   1 326    
327 1439     |   6  63   1 327    
328 1441     |   2  65   2 328    
329 1447     |   6  71   1 329    
330 1451     |   4  75   1 330    
331 1453     |   2  77   2 331    
332 1457     |   4  81   2 332    
333 1459     |   2  83   3 333    
334 1469     |  10  93   1 334    
335 1471     |   2  95   2 335    
- - - - - - - - - - - - - - - - - - - 
336 1481     |  10   0   0 336    
337 1483     |   2   2   1 337    
338 1487     |   4   6   1 338    
339 1489     |   2   8   2 339    
340 1493     |   4  12   2 340    
341 1499     |   6  18   1 341    
342 1501     |   2  20   2 342    
343 1507     |   6  26   2 343    
344 1511     |   4  30   2 344    
345 1513     |   2  32   2 345    
346 1517     |   4  36   2 346    
347 1523     |   6  42   2 347    
348 1529     |   6  48   2 348    
349 1531     |   2  50   2 349    
350 1537     |   6  56   2 350    
351 1541     |   4  60   2 351    
352 1543     |   2  62   2 352    
353 1549     |   6  68   2 353    
354 1553     |   4  72   2 354    
355 1559     |   6  78   2 355    
356 1567     |   8  86   1 356    
357 1571     |   4  90   1 357    
358 1573     |   2  92   1 358    
359 1577     |   4  96   2 359    
360 1579     |   2  98   2 360    
361 1583     |   4 102   2 361    
362 1591     |   8   5   1 362    
363 1597     |   6  11   1 363    
364 1601     |   4  15   1 364    
365 1607     |   6  21   1 365    
366 1609     |   2  23   1 366    
367 1613     |   4  27   1 367    
368 1619     |   6  33   1 368    
369 1621     |   2  35   1 369    
370 1627     |   6  41   1 370    
371 1633     |   6  47   1 371    
372 1637     |   4  51   1 372    
373 1639     |   2  53   1 373    
374 1643     |   4  57   1 374    
375 1649     |   6  63   1 375    
376 1651     |   2  65   2 376    
377 1657     |   6  71   1 377    
378 1661     |   4  75   1 378    
379 1663     |   2  77   2 379    
380 1667     |   4  81   2 380    
381 1669     |   2  83   3 381    
382 1679     |  10  93   1 382    
383 1681     |   2  95   2 383    
- - - - - - - - - - - - - - - - - - - 
384 1691     |  10   0   0 384    
385 1693     |   2   2   1 385    
386 1697     |   4   6   1 386    
387 1699     |   2   8   2 387    
388 1703     |   4  12   2 388    
389 1709     |   6  18   1 389    
390 1711     |   2  20   2 390    
391 1717     |   6  26   2 391    
392 1721     |   4  30   2 392    
393 1723     |   2  32   2 393    
394 1727     |   4  36   2 394    
395 1733     |   6  42   2 395    
396 1739     |   6  48   2 396    
397 1741     |   2  50   2 397    
398 1747     |   6  56   2 398    
399 1751     |   4  60   2 399    
400 1753     |   2  62   2 400    
401 1759     |   6  68   2 401    
402 1763     |   4  72   2 402    
403 1769     |   6  78   2 403    
404 1777     |   8  86   1 404    
405 1781     |   4  90   1 405    
406 1783     |   2  92   1 406    
407 1787     |   4  96   2 407    
408 1789     |   2  98   2 408    
409 1793     |   4 102   2 409    
410 1801     |   8   5   1 410    
411 1807     |   6  11   1 411    
412 1811     |   4  15   1 412    
413 1817     |   6  21   1 413    
414 1819     |   2  23   1 414    
415 1823     |   4  27   1 415    
416 1829     |   6  33   1 416    
417 1831     |   2  35   1 417    
418 1837     |   6  41   1 418    
419 1843     |   6  47   1 419    
420 1847     |   4  51   1 420    
421 1849     |   2  53   1 421    
422 1853     |   4  57   1 422    
423 1859     |   6  63   1 423    
424 1861     |   2  65   2 424    
425 1867     |   6  71   1 425    
426 1871     |   4  75   1 426    
427 1873     |   2  77   2 427    
428 1877     |   4  81   2 428    
429 1879     |   2  83   3 429    
430 1889     |  10  93   1 430    
431 1891     |   2  95   2 431    
- - - - - - - - - - - - - - - - - - - 
432 1901     |  10   0   0 432    
433 1903     |   2   2   1 433    
434 1907     |   4   6   1 434    
435 1909     |   2   8   2 435    
436 1913     |   4  12   2 436    
437 1919     |   6  18   1 437    
438 1921     |   2  20   2 438    
439 1927     |   6  26   2 439    
440 1931     |   4  30   2 440    
441 1933     |   2  32   2 441    
442 1937     |   4  36   2 442    
443 1943     |   6  42   2 443    
444 1949     |   6  48   2 444    
445 1951     |   2  50   2 445    
446 1957     |   6  56   2 446    
447 1961     |   4  60   2 447    
448 1963     |   2  62   2 448    
449 1969     |   6  68   2 449    
450 1973     |   4  72   2 450    
451 1979     |   6  78   2 451    
452 1987     |   8  86   1 452    
453 1991     |   4  90   1 453    
454 1993     |   2  92   1 454    
455 1997     |   4  96   2 455    
456 1999     |   2  98   2 456    
457 2003     |   4 102   2 457    
458 2011     |   8   5   1 458    
459 2017     |   6  11   1 459    
460 2021     |   4  15   1 460    
461 2027     |   6  21   1 461    
462 2029     |   2  23   1 462    
463 2033     |   4  27   1 463    
464 2039     |   6  33   1 464    
465 2041     |   2  35   1 465    
466 2047     |   6  41   1 466    
467 2053     |   6  47   1 467    
468 2057     |   4  51   1 468    
469 2059     |   2  53   1 469    
470 2063     |   4  57   1 470    
471 2069     |   6  63   1 471    
472 2071     |   2  65   2 472    
473 2077     |   6  71   1 473    
474 2081     |   4  75   1 474    
475 2083     |   2  77   2 475    
476 2087     |   4  81   2 476    
477 2089     |   2  83   3 477    
478 2099     |  10  93   1 478    
479 2101     |   2  95   2 479    
- - - - - - - - - - - - - - - - - - - 
480 2111     |  10   0   0 480    
481 2113     |   2   2   1 481    
482 2117     |   4   6   1 482    
483 2119     |   2   8   2 483    
484 2123     |   4  12   2 484    
485 2129     |   6  18   1 485    
486 2131     |   2  20   2 486    
487 2137     |   6  26   2 487    
488 2141     |   4  30   2 488    
489 2143     |   2  32   2 489    
490 2147     |   4  36   2 490    
491 2153     |   6  42   2 491    
492 2159     |   6  48   2 492    
493 2161     |   2  50   2 493    
494 2167     |   6  56   2 494    
495 2171     |   4  60   2 495    
496 2173     |   2  62   2 496    
497 2179     |   6  68   2 497    
498 2183     |   4  72   2 498    
499 2189     |   6  78   2 499    
500 2197     |   8  86   1 500    
501 2201     |   4  90   1 501    
502 2203     |   2  92   1 502    
503 2207     |   4  96   2 503    
504 2209     |   2  98   2 504    
505 2213     |   4 102   2 505    
506 2221     |   8   5   1 506    
507 2227     |   6  11   1 507    
508 2231     |   4  15   1 508    
509 2237     |   6  21   1 509    
510 2239     |   2  23   1 510    
511 2243     |   4  27   1 511    
512 2249     |   6  33   1 512    
513 2251     |   2  35   1 513    
514 2257     |   6  41   1 514    
515 2263     |   6  47   1 515    
516 2267     |   4  51   1 516    
517 2269     |   2  53   1 517    
518 2273     |   4  57   1 518    
519 2279     |   6  63   1 519    
520 2281     |   2  65   2 520    
521 2287     |   6  71   1 521    
522 2291     |   4  75   1 522    
523 2293     |   2  77   2 523    
524 2297     |   4  81   2 524    
525 2299     |   2  83   3 525    
526 2309     |  10  93   1 526    
527 2311     |   2  95   2 527    
- - - - - - - - - - - - - - - - - - - 
528 2321     |  10   0   0 528    
529 2323     |   2   2   1 529    
530 2327     |   4   6   1 530    
531 2329     |   2   8   2 531    
532 2333     |   4  12   2 532    
533 2339     |   6  18   1 533    
534 2341     |   2  20   2 534    
535 2347     |   6  26   2 535    
536 2351     |   4  30   2 536    
537 2353     |   2  32   2 537    
538 2357     |   4  36   2 538    
539 2363     |   6  42   2 539    
540 2369     |   6  48   2 540    
541 2371     |   2  50   2 541    
542 2377     |   6  56   2 542    
543 2381     |   4  60   2 543    
544 2383     |   2  62   2 544    
545 2389     |   6  68   2 545    
546 2393     |   4  72   2 546    
547 2399     |   6  78   2 547    
548 2407     |   8  86   1 548    
549 2411     |   4  90   1 549    
550 2413     |   2  92   1 550    
551 2417     |   4  96   2 551    
552 2419     |   2  98   2 552    
553 2423     |   4 102   2 553    
554 2431     |   8   5   1 554    
555 2437     |   6  11   1 555    
556 2441     |   4  15   1 556    
557 2447     |   6  21   1 557    
558 2449     |   2  23   1 558    
559 2453     |   4  27   1 559    
560 2459     |   6  33   1 560    
561 2461     |   2  35   1 561    
562 2467     |   6  41   1 562    
563 2473     |   6  47   1 563    
564 2477     |   4  51   1 564    
565 2479     |   2  53   1 565    
566 2483     |   4  57   1 566    
567 2489     |   6  63   1 567    
568 2491     |   2  65   2 568    
569 2497     |   6  71   1 569    
570 2501     |   4  75   1 570    
571 2503     |   2  77   2 571    
572 2507     |   4  81   2 572    
573 2509     |   2  83   3 573    
574 2519     |  10  93   1 574    
575 2521     |   2  95   2 575    
- - - - - - - - - - - - - - - - - - - 
576 2531     |  10   0   0 576    
577 2533     |   2   2   1 577    
578 2537     |   4   6   1 578    
579 2539     |   2   8   2 579    
580 2543     |   4  12   2 580    
581 2549     |   6  18   1 581    
582 2551     |   2  20   2 582    
583 2557     |   6  26   2 583    
584 2561     |   4  30   2 584    
585 2563     |   2  32   2 585    
586 2567     |   4  36   2 586    
587 2573     |   6  42   2 587    
588 2579     |   6  48   2 588    
589 2581     |   2  50   2 589    
590 2587     |   6  56   2 590    
591 2591     |   4  60   2 591    
592 2593     |   2  62   2 592    
593 2599     |   6  68   2 593    
594 2603     |   4  72   2 594    
595 2609     |   6  78   2 595    
596 2617     |   8  86   1 596    
597 2621     |   4  90   1 597    
598 2623     |   2  92   1 598    
599 2627     |   4  96   2 599    
600 2629     |   2  98   2 600    
601 2633     |   4 102   2 601    
602 2641     |   8   5   1 602    
603 2647     |   6  11   1 603    
604 2651     |   4  15   1 604    
605 2657     |   6  21   1 605    
606 2659     |   2  23   1 606    
607 2663     |   4  27   1 607    
608 2669     |   6  33   1 608    
609 2671     |   2  35   1 609    
610 2677     |   6  41   1 610    
611 2683     |   6  47   1 611    
612 2687     |   4  51   1 612    
613 2689     |   2  53   1 613    
614 2693     |   4  57   1 614    
615 2699     |   6  63   1 615    
616 2701     |   2  65   2 616    
617 2707     |   6  71   1 617    
618 2711     |   4  75   1 618    
619 2713     |   2  77   2 619    
620 2717     |   4  81   2 620    
621 2719     |   2  83   3 621    
622 2729     |  10  93   1 622    
623 2731     |   2  95   2 623    
- - - - - - - - - - - - - - - - - - - 
624 2741     |  10   0   0 624    
625 2743     |   2   2   1 625    
626 2747     |   4   6   1 626    
627 2749     |   2   8   2 627    
628 2753     |   4  12   2 628    
629 2759     |   6  18   1 629    
630 2761     |   2  20   2 630    
631 2767     |   6  26   2 631    
632 2771     |   4  30   2 632    
633 2773     |   2  32   2 633    
634 2777     |   4  36   2 634    
635 2783     |   6  42   2 635    
636 2789     |   6  48   2 636    
637 2791     |   2  50   2 637    
638 2797     |   6  56   2 638    
639 2801     |   4  60   2 639    
640 2803     |   2  62   2 640    
641 2809     |   6  68   2 641    
642 2813     |   4  72   2 642    
643 2819     |   6  78   2 643    
644 2827     |   8  86   1 644    
645 2831     |   4  90   1 645    
646 2833     |   2  92   1 646    
647 2837     |   4  96   2 647    
648 2839     |   2  98   2 648    
649 2843     |   4 102   2 649    
650 2851     |   8   5   1 650    
651 2857     |   6  11   1 651    
652 2861     |   4  15   1 652    
653 2867     |   6  21   1 653    
654 2869     |   2  23   1 654    
655 2873     |   4  27   1 655    
656 2879     |   6  33   1 656    
657 2881     |   2  35   1 657    
658 2887     |   6  41   1 658    
659 2893     |   6  47   1 659    
660 2897     |   4  51   1 660    
661 2899     |   2  53   1 661    
662 2903     |   4  57   1 662    
663 2909     |   6  63   1 663    
664 2911     |   2  65   2 664    
665 2917     |   6  71   1 665    
666 2921     |   4  75   1 666    
667 2923     |   2  77   2 667    
668 2927     |   4  81   2 668    
669 2929     |   2  83   3 669    
670 2939     |  10  93   1 670    
671 2941     |   2  95   2 671    
- - - - - - - - - - - - - - - - - - - 
672 2951     |  10   0   0 672    
673 2953     |   2   2   1 673    
674 2957     |   4   6   1 674    
675 2959     |   2   8   2 675    
676 2963     |   4  12   2 676    
677 2969     |   6  18   1 677    
678 2971     |   2  20   2 678    
679 2977     |   6  26   2 679    
680 2981     |   4  30   2 680    
681 2983     |   2  32   2 681    
682 2987     |   4  36   2 682    
683 2993     |   6  42   2 683    
684 2999     |   6  48   2 684    
685 3001     |   2  50   2 685    
686 3007     |   6  56   2 686    
687 3011     |   4  60   2 687    
688 3013     |   2  62   2 688    
689 3019     |   6  68   2 689    
690 3023     |   4  72   2 690    
691 3029     |   6  78   2 691    
692 3037     |   8  86   1 692    
693 3041     |   4  90   1 693    
694 3043     |   2  92   1 694    
695 3047     |   4  96   2 695    
696 3049     |   2  98   2 696    
697 3053     |   4 102   2 697    
698 3061     |   8   5   1 698    
699 3067     |   6  11   1 699    
700 3071     |   4  15   1 700    
701 3077     |   6  21   1 701    
702 3079     |   2  23   1 702    
703 3083     |   4  27   1 703    
704 3089     |   6  33   1 704    
705 3091     |   2  35   1 705    
706 3097     |   6  41   1 706    
707 3103     |   6  47   1 707    
708 3107     |   4  51   1 708    
709 3109     |   2  53   1 709    
710 3113     |   4  57   1 710    
711 3119     |   6  63   1 711    
712 3121     |   2  65   2 712    
713 3127     |   6  71   1 713    
714 3131     |   4  75   1 714    
715 3133     |   2  77   2 715    
716 3137     |   4  81   2 716    
717 3139     |   2  83   3 717    
718 3149     |  10  93   1 718    
719 3151     |   2  95   2 719    
- - - - - - - - - - - - - - - - - - - 
720 3161     |  10   0   0 720    
721 3163     |   2   2   1 721    
722 3167     |   4   6   1 722    
723 3169     |   2   8   2 723    
724 3173     |   4  12   2 724    
725 3179     |   6  18   1 725    
726 3181     |   2  20   2 726    
727 3187     |   6  26   2 727    
728 3191     |   4  30   2 728    
729 3193     |   2  32   2 729    
730 3197     |   4  36   2 730    
731 3203     |   6  42   2 731    
732 3209     |   6  48   2 732    
733 3211     |   2  50   2 733    
734 3217     |   6  56   2 734    
735 3221     |   4  60   2 735    
736 3223     |   2  62   2 736    
737 3229     |   6  68   2 737    
738 3233     |   4  72   2 738    
739 3239     |   6  78   2 739    
740 3247     |   8  86   1 740    
741 3251     |   4  90   1 741    
742 3253     |   2  92   1 742    
743 3257     |   4  96   2 743    
744 3259     |   2  98   2 744    
745 3263     |   4 102   2 745    
746 3271     |   8   5   1 746    
747 3277     |   6  11   1 747    
748 3281     |   4  15   1 748    
749 3287     |   6  21   1 749    
750 3289     |   2  23   1 750    
751 3293     |   4  27   1 751    
752 3299     |   6  33   1 752    
753 3301     |   2  35   1 753    
754 3307     |   6  41   1 754    
755 3313     |   6  47   1 755    
756 3317     |   4  51   1 756    
757 3319     |   2  53   1 757    
758 3323     |   4  57   1 758    
759 3329     |   6  63   1 759    
760 3331     |   2  65   2 760    
761 3337     |   6  71   1 761    
762 3341     |   4  75   1 762    
763 3343     |   2  77   2 763    
764 3347     |   4  81   2 764    
765 3349     |   2  83   3 765    
766 3359     |  10  93   1 766    
767 3361     |   2  95   2 767    
- - - - - - - - - - - - - - - - - - - 
768 3371     |  10   0   0 768    
769 3373     |   2   2   1 769    
770 3377     |   4   6   1 770    
771 3379     |   2   8   2 771    
772 3383     |   4  12   2 772    
773 3389     |   6  18   1 773    
774 3391     |   2  20   2 774    
775 3397     |   6  26   2 775    
776 3401     |   4  30   2 776    
777 3403     |   2  32   2 777    
778 3407     |   4  36   2 778    
779 3413     |   6  42   2 779    
780 3419     |   6  48   2 780    
781 3421     |   2  50   2 781    
782 3427     |   6  56   2 782    
783 3431     |   4  60   2 783    
784 3433     |   2  62   2 784    
785 3439     |   6  68   2 785    
786 3443     |   4  72   2 786    
787 3449     |   6  78   2 787    
788 3457     |   8  86   1 788    
789 3461     |   4  90   1 789    
790 3463     |   2  92   1 790    
791 3467     |   4  96   2 791    
792 3469     |   2  98   2 792    
793 3473     |   4 102   2 793    
794 3481     |   8   5   1 794    
795 3487     |   6  11   1 795    
796 3491     |   4  15   1 796    
797 3497     |   6  21   1 797    
798 3499     |   2  23   1 798    
799 3503     |   4  27   1 799    
800 3509     |   6  33   1 800    
801 3511     |   2  35   1 801    
802 3517     |   6  41   1 802    
803 3523     |   6  47   1 803    
804 3527     |   4  51   1 804    
805 3529     |   2  53   1 805    
806 3533     |   4  57   1 806    
807 3539     |   6  63   1 807    
808 3541     |   2  65   2 808    
809 3547     |   6  71   1 809    
810 3551     |   4  75   1 810    
811 3553     |   2  77   2 811    
812 3557     |   4  81   2 812    
813 3559     |   2  83   3 813    
814 3569     |  10  93   1 814    
815 3571     |   2  95   2 815    
- - - - - - - - - - - - - - - - - - - 
816 3581     |  10   0   0 816    
817 3583     |   2   2   1 817    
818 3587     |   4   6   1 818    
819 3589     |   2   8   2 819    
820 3593     |   4  12   2 820    
821 3599     |   6  18   1 821    
822 3601     |   2  20   2 822    
823 3607     |   6  26   2 823    
824 3611     |   4  30   2 824    
825 3613     |   2  32   2 825    
826 3617     |   4  36   2 826    
827 3623     |   6  42   2 827    
828 3629     |   6  48   2 828    
829 3631     |   2  50   2 829    
830 3637     |   6  56   2 830    
831 3641     |   4  60   2 831    
832 3643     |   2  62   2 832    
833 3649     |   6  68   2 833    
834 3653     |   4  72   2 834    
835 3659     |   6  78   2 835    
836 3667     |   8  86   1 836    
837 3671     |   4  90   1 837    
838 3673     |   2  92   1 838    
839 3677     |   4  96   2 839    
840 3679     |   2  98   2 840    
841 3683     |   4 102   2 841    
842 3691     |   8   5   1 842    
843 3697     |   6  11   1 843    
844 3701     |   4  15   1 844    
845 3707     |   6  21   1 845    
846 3709     |   2  23   1 846    
847 3713     |   4  27   1 847    
848 3719     |   6  33   1 848    
849 3721     |   2  35   1 849    
850 3727     |   6  41   1 850    
851 3733     |   6  47   1 851    
852 3737     |   4  51   1 852    
853 3739     |   2  53   1 853    
854 3743     |   4  57   1 854    
855 3749     |   6  63   1 855    
856 3751     |   2  65   2 856    
857 3757     |   6  71   1 857    
858 3761     |   4  75   1 858    
859 3763     |   2  77   2 859    
860 3767     |   4  81   2 860    
861 3769     |   2  83   3 861    
862 3779     |  10  93   1 862    
863 3781     |   2  95   2 863    
- - - - - - - - - - - - - - - - - - - 
864 3791     |  10   0   0 864    
865 3793     |   2   2   1 865    
866 3797     |   4   6   1 866    
867 3799     |   2   8   2 867    
868 3803     |   4  12   2 868    
869 3809     |   6  18   1 869    
870 3811     |   2  20   2 870    
871 3817     |   6  26   2 871    
872 3821     |   4  30   2 872    
873 3823     |   2  32   2 873    
874 3827     |   4  36   2 874    
875 3833     |   6  42   2 875    
876 3839     |   6  48   2 876    
877 3841     |   2  50   2 877    
878 3847     |   6  56   2 878    
879 3851     |   4  60   2 879    
880 3853     |   2  62   2 880    
881 3859     |   6  68   2 881    
882 3863     |   4  72   2 882    
883 3869     |   6  78   2 883    
884 3877     |   8  86   1 884    
885 3881     |   4  90   1 885    
886 3883     |   2  92   1 886    
887 3887     |   4  96   2 887    
888 3889     |   2  98   2 888    
889 3893     |   4 102   2 889    
890 3901     |   8   5   1 890    
891 3907     |   6  11   1 891    
892 3911     |   4  15   1 892    
893 3917     |   6  21   1 893    
894 3919     |   2  23   1 894    
895 3923     |   4  27   1 895    
896 3929     |   6  33   1 896    
897 3931     |   2  35   1 897    
898 3937     |   6  41   1 898    
899 3943     |   6  47   1 899    
900 3947     |   4  51   1 900    
901 3949     |   2  53   1 901    
902 3953     |   4  57   1 902    
903 3959     |   6  63   1 903    
904 3961     |   2  65   2 904    
905 3967     |   6  71   1 905    
906 3971     |   4  75   1 906    
907 3973     |   2  77   2 907    
908 3977     |   4  81   2 908    
909 3979     |   2  83   3 909    
910 3989     |  10  93   1 910    
911 3991     |   2  95   2 911    
- - - - - - - - - - - - - - - - - - - 
912 4001     |  10   0   0 912    
913 4003     |   2   2   1 913    
914 4007     |   4   6   1 914    
915 4009     |   2   8   2 915    
916 4013     |   4  12   2 916    
917 4019     |   6  18   1 917    
918 4021     |   2  20   2 918    
919 4027     |   6  26   2 919    
920 4031     |   4  30   2 920    
921 4033     |   2  32   2 921    
922 4037     |   4  36   2 922    
923 4043     |   6  42   2 923    
924 4049     |   6  48   2 924    
925 4051     |   2  50   2 925    
926 4057     |   6  56   2 926    
927 4061     |   4  60   2 927    
928 4063     |   2  62   2 928    
929 4069     |   6  68   2 929    
930 4073     |   4  72   2 930    
931 4079     |   6  78   2 931    
932 4087     |   8  86   1 932    
933 4091     |   4  90   1 933    
934 4093     |   2  92   1 934    
935 4097     |   4  96   2 935    
936 4099     |   2  98   2 936    
937 4103     |   4 102   2 937    
938 4111     |   8   5   1 938    
939 4117     |   6  11   1 939    
940 4121     |   4  15   1 940    
941 4127     |   6  21   1 941    
942 4129     |   2  23   1 942    
943 4133     |   4  27   1 943    
944 4139     |   6  33   1 944    
945 4141     |   2  35   1 945    
946 4147     |   6  41   1 946    
947 4153     |   6  47   1 947    
948 4157     |   4  51   1 948    
949 4159     |   2  53   1 949    
950 4163     |   4  57   1 950    
951 4169     |   6  63   1 951    
952 4171     |   2  65   2 952    
953 4177     |   6  71   1 953    
954 4181     |   4  75   1 954    
955 4183     |   2  77   2 955    
956 4187     |   4  81   2 956    
957 4189     |   2  83   3 957    
958 4199     |  10  93   1 958    
959 4201     |   2  95   2 959    
- - - - - - - - - - - - - - - - - - - 
960 4211     |  10   0   0 960    
961 4213     |   2   2   1 961    
962 4217     |   4   6   1 962    
963 4219     |   2   8   2 963    
964 4223     |   4  12   2 964    
965 4229     |   6  18   1 965    
966 4231     |   2  20   2 966    
967 4237     |   6  26   2 967    
968 4241     |   4  30   2 968    
969 4243     |   2  32   2 969    
970 4247     |   4  36   2 970    
971 4253     |   6  42   2 971    
972 4259     |   6  48   2 972    
973 4261     |   2  50   2 973    
974 4267     |   6  56   2 974    
975 4271     |   4  60   2 975    
976 4273     |   2  62   2 976    
977 4279     |   6  68   2 977    
978 4283     |   4  72   2 978    
979 4289     |   6  78   2 979    
980 4297     |   8  86   1 980    
981 4301     |   4  90   1 981    
982 4303     |   2  92   1 982    
983 4307     |   4  96   2 983    
984 4309     |   2  98   2 984    
985 4313     |   4 102   2 985    
986 4321     |   8   5   1 986    
987 4327     |   6  11   1 987    
988 4331     |   4  15   1 988    
989 4337     |   6  21   1 989    
990 4339     |   2  23   1 990    
991 4343     |   4  27   1 991    
992 4349     |   6  33   1 992    
993 4351     |   2  35   1 993    
994 4357     |   6  41   1 994    
995 4363     |   6  47   1 995    
996 4367     |   4  51   1 996    
997 4369     |   2  53   1 997    
998 4373     |   4  57   1 998    
999 4379     |   6  63   1 999    
1000 4381     |   2  65   2 1000    
1001 4387     |   6  71   1 1001    
1002 4391     |   4  75   1 1002    
1003 4393     |   2  77   2 1003    
1004 4397     |   4  81   2 1004    
1005 4399     |   2  83   3 1005    
1006 4409     |  10  93   1 1006    
1007 4411     |   2  95   2 1007    
- - - - - - - - - - - - - - - - - - - 
1008 4421     |  10   0   0 1008    
1009 4423     |   2   2   1 1009    
1010 4427     |   4   6   1 1010    
1011 4429     |   2   8   2 1011    
1012 4433     |   4  12   2 1012    
1013 4439     |   6  18   1 1013    
1014 4441     |   2  20   2 1014    
1015 4447     |   6  26   2 1015    
1016 4451     |   4  30   2 1016    
1017 4453     |   2  32   2 1017    
1018 4457     |   4  36   2 1018    
1019 4463     |   6  42   2 1019    
1020 4469     |   6  48   2 1020    
1021 4471     |   2  50   2 1021    
1022 4477     |   6  56   2 1022    
1023 4481     |   4  60   2 1023    
1024 4483     |   2  62   2 1024    
1025 4489     |   6  68   2 1025    
1026 4493     |   4  72   2 1026    
1027 4499     |   6  78   2 1027    
1028 4507     |   8  86   1 1028    
1029 4511     |   4  90   1 1029    
1030 4513     |   2  92   1 1030    
1031 4517     |   4  96   2 1031    
1032 4519     |   2  98   2 1032    
1033 4523     |   4 102   2 1033    
1034 4531     |   8   5   1 1034    
1035 4537     |   6  11   1 1035    
1036 4541     |   4  15   1 1036    
1037 4547     |   6  21   1 1037    
1038 4549     |   2  23   1 1038    
1039 4553     |   4  27   1 1039    
1040 4559     |   6  33   1 1040    
1041 4561     |   2  35   1 1041    
1042 4567     |   6  41   1 1042    
1043 4573     |   6  47   1 1043    
1044 4577     |   4  51   1 1044    
1045 4579     |   2  53   1 1045    
1046 4583     |   4  57   1 1046    
1047 4589     |   6  63   1 1047    
1048 4591     |   2  65   2 1048    
1049 4597     |   6  71   1 1049    
1050 4601     |   4  75   1 1050    
1051 4603     |   2  77   2 1051    
1052 4607     |   4  81   2 1052    
1053 4609     |   2  83   3 1053    
1054 4619     |  10  93   1 1054    
1055 4621     |   2  95   2 1055    
- - - - - - - - - - - - - - - - - - - 
1056 4631     |  10   0   0 1056    
1057 4633     |   2   2   1 1057    
1058 4637     |   4   6   1 1058    
1059 4639     |   2   8   2 1059    
1060 4643     |   4  12   2 1060    
1061 4649     |   6  18   1 1061    
1062 4651     |   2  20   2 1062    
1063 4657     |   6  26   2 1063    
1064 4661     |   4  30   2 1064    
1065 4663     |   2  32   2 1065    
1066 4667     |   4  36   2 1066    
1067 4673     |   6  42   2 1067    
1068 4679     |   6  48   2 1068    
1069 4681     |   2  50   2 1069    
1070 4687     |   6  56   2 1070    
1071 4691     |   4  60   2 1071    
1072 4693     |   2  62   2 1072    
1073 4699     |   6  68   2 1073    
1074 4703     |   4  72   2 1074    
1075 4709     |   6  78   2 1075    
1076 4717     |   8  86   1 1076    
1077 4721     |   4  90   1 1077    
1078 4723     |   2  92   1 1078    
1079 4727     |   4  96   2 1079    
1080 4729     |   2  98   2 1080    
1081 4733     |   4 102   2 1081    
1082 4741     |   8   5   1 1082    
1083 4747     |   6  11   1 1083    
1084 4751     |   4  15   1 1084    
1085 4757     |   6  21   1 1085    
1086 4759     |   2  23   1 1086    
1087 4763     |   4  27   1 1087    
1088 4769     |   6  33   1 1088    
1089 4771     |   2  35   1 1089    
1090 4777     |   6  41   1 1090    
1091 4783     |   6  47   1 1091    
1092 4787     |   4  51   1 1092    
1093 4789     |   2  53   1 1093    
1094 4793     |   4  57   1 1094    
1095 4799     |   6  63   1 1095    
1096 4801     |   2  65   2 1096    
1097 4807     |   6  71   1 1097    
1098 4811     |   4  75   1 1098    
1099 4813     |   2  77   2 1099    
1100 4817     |   4  81   2 1100    
1101 4819     |   2  83   3 1101    
1102 4829     |  10  93   1 1102    
1103 4831     |   2  95   2 1103    
- - - - - - - - - - - - - - - - - - - 
1104 4841     |  10   0   0 1104    
1105 4843     |   2   2   1 1105    
1106 4847     |   4   6   1 1106    
1107 4849     |   2   8   2 1107    
1108 4853     |   4  12   2 1108    
1109 4859     |   6  18   1 1109    
1110 4861     |   2  20   2 1110    
1111 4867     |   6  26   2 1111    
1112 4871     |   4  30   2 1112    
1113 4873     |   2  32   2 1113    
1114 4877     |   4  36   2 1114    
1115 4883     |   6  42   2 1115    
1116 4889     |   6  48   2 1116    
1117 4891     |   2  50   2 1117    
1118 4897     |   6  56   2 1118    
1119 4901     |   4  60   2 1119    
1120 4903     |   2  62   2 1120    
1121 4909     |   6  68   2 1121    
1122 4913     |   4  72   2 1122    
1123 4919     |   6  78   2 1123    
1124 4927     |   8  86   1 1124    
1125 4931     |   4  90   1 1125    
1126 4933     |   2  92   1 1126    
1127 4937     |   4  96   2 1127    
1128 4939     |   2  98   2 1128    
1129 4943     |   4 102   2 1129    
1130 4951     |   8   5   1 1130    
1131 4957     |   6  11   1 1131    
1132 4961     |   4  15   1 1132    
1133 4967     |   6  21   1 1133    
1134 4969     |   2  23   1 1134    
1135 4973     |   4  27   1 1135    
1136 4979     |   6  33   1 1136    
1137 4981     |   2  35   1 1137    
1138 4987     |   6  41   1 1138    
1139 4993     |   6  47   1 1139    
1140 4997     |   4  51   1 1140    
1141 4999     |   2  53   1 1141    
1142 5003     |   4  57   1 1142    
1143 5009     |   6  63   1 1143    
1144 5011     |   2  65   2 1144    
1145 5017     |   6  71   1 1145    
1146 5021     |   4  75   1 1146    
1147 5023     |   2  77   2 1147    
1148 5027     |   4  81   2 1148    
1149 5029     |   2  83   3 1149    
1150 5039     |  10  93   1 1150    
1151 5041     |   2  95   2 1151    
- - - - - - - - - - - - - - - - - - - 
1152 5051     |  10   0   0 1152    
1153 5053     |   2   2   1 1153    
1154 5057     |   4   6   1 1154    
1155 5059     |   2   8   2 1155    
1156 5063     |   4  12   2 1156    
1157 5069     |   6  18   1 1157    
1158 5071     |   2  20   2 1158    
1159 5077     |   6  26   2 1159    
1160 5081     |   4  30   2 1160    
1161 5083     |   2  32   2 1161    
1162 5087     |   4  36   2 1162    
1163 5093     |   6  42   2 1163    
1164 5099     |   6  48   2 1164    
1165 5101     |   2  50   2 1165    
1166 5107     |   6  56   2 1166    
1167 5111     |   4  60   2 1167    
1168 5113     |   2  62   2 1168    
1169 5119     |   6  68   2 1169    
1170 5123     |   4  72   2 1170    
1171 5129     |   6  78   2 1171    
1172 5137     |   8  86   1 1172    
1173 5141     |   4  90   1 1173    
1174 5143     |   2  92   1 1174    
1175 5147     |   4  96   2 1175    
1176 5149     |   2  98   2 1176    
1177 5153     |   4 102   2 1177    
1178 5161     |   8   5   1 1178    
1179 5167     |   6  11   1 1179    
1180 5171     |   4  15   1 1180    
1181 5177     |   6  21   1 1181    
1182 5179     |   2  23   1 1182    
1183 5183     |   4  27   1 1183    
1184 5189     |   6  33   1 1184    
1185 5191     |   2  35   1 1185    
1186 5197     |   6  41   1 1186    
1187 5203     |   6  47   1 1187    
1188 5207     |   4  51   1 1188    
1189 5209     |   2  53   1 1189    
1190 5213     |   4  57   1 1190    
1191 5219     |   6  63   1 1191    
1192 5221     |   2  65   2 1192    
1193 5227     |   6  71   1 1193    
1194 5231     |   4  75   1 1194    
1195 5233     |   2  77   2 1195    
1196 5237     |   4  81   2 1196    
1197 5239     |   2  83   3 1197    
1198 5249     |  10  93   1 1198    
1199 5251     |   2  95   2 1199    
- - - - - - - - - - - - - - - - - - - 
1200 5261     |  10   0   0 1200    
1201 5263     |   2   2   1 1201    
1202 5267     |   4   6   1 1202    
1203 5269     |   2   8   2 1203    
1204 5273     |   4  12   2 1204    
1205 5279     |   6  18   1 1205    
1206 5281     |   2  20   2 1206    
1207 5287     |   6  26   2 1207    
1208 5291     |   4  30   2 1208    
1209 5293     |   2  32   2 1209    
1210 5297     |   4  36   2 1210    
1211 5303     |   6  42   2 1211    
1212 5309     |   6  48   2 1212    
1213 5311     |   2  50   2 1213    
1214 5317     |   6  56   2 1214    
1215 5321     |   4  60   2 1215    
1216 5323     |   2  62   2 1216    
1217 5329     |   6  68   2 1217    
1218 5333     |   4  72   2 1218    
1219 5339     |   6  78   2 1219    
1220 5347     |   8  86   1 1220    
1221 5351     |   4  90   1 1221    
1222 5353     |   2  92   1 1222    
1223 5357     |   4  96   2 1223    
1224 5359     |   2  98   2 1224    
1225 5363     |   4 102   2 1225    
1226 5371     |   8   5   1 1226    
1227 5377     |   6  11   1 1227    
1228 5381     |   4  15   1 1228    
1229 5387     |   6  21   1 1229    
1230 5389     |   2  23   1 1230    
1231 5393     |   4  27   1 1231    
1232 5399     |   6  33   1 1232    
1233 5401     |   2  35   1 1233    
1234 5407     |   6  41   1 1234    
1235 5413     |   6  47   1 1235    
1236 5417     |   4  51   1 1236    
1237 5419     |   2  53   1 1237    
1238 5423     |   4  57   1 1238    
1239 5429     |   6  63   1 1239    
1240 5431     |   2  65   2 1240    
1241 5437     |   6  71   1 1241    
1242 5441     |   4  75   1 1242    
1243 5443     |   2  77   2 1243    
1244 5447     |   4  81   2 1244    
1245 5449     |   2  83   3 1245    
1246 5459     |  10  93   1 1246    
1247 5461     |   2  95   2 1247    
- - - - - - - - - - - - - - - - - - - 
1248 5471     |  10   0   0 1248    
1249 5473     |   2   2   1 1249    
1250 5477     |   4   6   1 1250    
1251 5479     |   2   8   2 1251    
1252 5483     |   4  12   2 1252    
1253 5489     |   6  18   1 1253    
1254 5491     |   2  20   2 1254    
1255 5497     |   6  26   2 1255    
1256 5501     |   4  30   2 1256    
1257 5503     |   2  32   2 1257    
1258 5507     |   4  36   2 1258    
1259 5513     |   6  42   2 1259    
1260 5519     |   6  48   2 1260    
1261 5521     |   2  50   2 1261    
1262 5527     |   6  56   2 1262    
1263 5531     |   4  60   2 1263    
1264 5533     |   2  62   2 1264    
1265 5539     |   6  68   2 1265    
1266 5543     |   4  72   2 1266    
1267 5549     |   6  78   2 1267    
1268 5557     |   8  86   1 1268    
1269 5561     |   4  90   1 1269    
1270 5563     |   2  92   1 1270    
1271 5567     |   4  96   2 1271    
1272 5569     |   2  98   2 1272    
1273 5573     |   4 102   2 1273    
1274 5581     |   8   5   1 1274    
1275 5587     |   6  11   1 1275    
1276 5591     |   4  15   1 1276    
1277 5597     |   6  21   1 1277    
1278 5599     |   2  23   1 1278    
1279 5603     |   4  27   1 1279    
1280 5609     |   6  33   1 1280    
1281 5611     |   2  35   1 1281    
1282 5617     |   6  41   1 1282    
1283 5623     |   6  47   1 1283    
1284 5627     |   4  51   1 1284    
1285 5629     |   2  53   1 1285    
1286 5633     |   4  57   1 1286    
1287 5639     |   6  63   1 1287    
1288 5641     |   2  65   2 1288    
1289 5647     |   6  71   1 1289    
1290 5651     |   4  75   1 1290    
1291 5653     |   2  77   2 1291    
1292 5657     |   4  81   2 1292    
1293 5659     |   2  83   3 1293    
1294 5669     |  10  93   1 1294    
1295 5671     |   2  95   2 1295    
- - - - - - - - - - - - - - - - - - - 
1296 5681     |  10   0   0 1296    
1297 5683     |   2   2   1 1297    
1298 5687     |   4   6   1 1298    
1299 5689     |   2   8   2 1299    
1300 5693     |   4  12   2 1300    
1301 5699     |   6  18   1 1301    
1302 5701     |   2  20   2 1302    
1303 5707     |   6  26   2 1303    
1304 5711     |   4  30   2 1304    
1305 5713     |   2  32   2 1305    
1306 5717     |   4  36   2 1306    
1307 5723     |   6  42   2 1307    
1308 5729     |   6  48   2 1308    
1309 5731     |   2  50   2 1309    
1310 5737     |   6  56   2 1310    
1311 5741     |   4  60   2 1311    
1312 5743     |   2  62   2 1312    
1313 5749     |   6  68   2 1313    
1314 5753     |   4  72   2 1314    
1315 5759     |   6  78   2 1315    
1316 5767     |   8  86   1 1316    
1317 5771     |   4  90   1 1317    
1318 5773     |   2  92   1 1318    
1319 5777     |   4  96   2 1319    
1320 5779     |   2  98   2 1320    
1321 5783     |   4 102   2 1321    
1322 5791     |   8   5   1 1322    
1323 5797     |   6  11   1 1323    
1324 5801     |   4  15   1 1324    
1325 5807     |   6  21   1 1325    
1326 5809     |   2  23   1 1326    
1327 5813     |   4  27   1 1327    
1328 5819     |   6  33   1 1328    
1329 5821     |   2  35   1 1329    
1330 5827     |   6  41   1 1330    
1331 5833     |   6  47   1 1331    
1332 5837     |   4  51   1 1332    
1333 5839     |   2  53   1 1333    
1334 5843     |   4  57   1 1334    
1335 5849     |   6  63   1 1335    
1336 5851     |   2  65   2 1336    
1337 5857     |   6  71   1 1337    
1338 5861     |   4  75   1 1338    
1339 5863     |   2  77   2 1339    
1340 5867     |   4  81   2 1340    
1341 5869     |   2  83   3 1341    
1342 5879     |  10  93   1 1342    
1343 5881     |   2  95   2 1343    
- - - - - - - - - - - - - - - - - - - 
1344 5891     |  10   0   0 1344    
1345 5893     |   2   2   1 1345    
1346 5897     |   4   6   1 1346    
1347 5899     |   2   8   2 1347    
1348 5903     |   4  12   2 1348    
1349 5909     |   6  18   1 1349    
1350 5911     |   2  20   2 1350    
1351 5917     |   6  26   2 1351    
1352 5921     |   4  30   2 1352    
1353 5923     |   2  32   2 1353    
1354 5927     |   4  36   2 1354    
1355 5933     |   6  42   2 1355    
1356 5939     |   6  48   2 1356    
1357 5941     |   2  50   2 1357    
1358 5947     |   6  56   2 1358    
1359 5951     |   4  60   2 1359    
1360 5953     |   2  62   2 1360    
1361 5959     |   6  68   2 1361    
1362 5963     |   4  72   2 1362    
1363 5969     |   6  78   2 1363    
1364 5977     |   8  86   1 1364    
1365 5981     |   4  90   1 1365    
1366 5983     |   2  92   1 1366    
1367 5987     |   4  96   2 1367    
1368 5989     |   2  98   2 1368    
1369 5993     |   4 102   2 1369    
1370 6001     |   8   5   1 1370    
1371 6007     |   6  11   1 1371    
1372 6011     |   4  15   1 1372    
1373 6017     |   6  21   1 1373    
1374 6019     |   2  23   1 1374    
1375 6023     |   4  27   1 1375    
1376 6029     |   6  33   1 1376    
1377 6031     |   2  35   1 1377    
1378 6037     |   6  41   1 1378    
1379 6043     |   6  47   1 1379    
1380 6047     |   4  51   1 1380    
1381 6049     |   2  53   1 1381    
1382 6053     |   4  57   1 1382    
1383 6059     |   6  63   1 1383    
1384 6061     |   2  65   2 1384    
1385 6067     |   6  71   1 1385    
1386 6071     |   4  75   1 1386    
1387 6073     |   2  77   2 1387    
1388 6077     |   4  81   2 1388    
1389 6079     |   2  83   3 1389    
1390 6089     |  10  93   1 1390    
1391 6091     |   2  95   2 1391    
- - - - - - - - - - - - - - - - - - - 
1392 6101     |  10   0   0 1392    
1393 6103     |   2   2   1 1393    
1394 6107     |   4   6   1 1394    
1395 6109     |   2   8   2 1395    
1396 6113     |   4  12   2 1396    
1397 6119     |   6  18   1 1397    
1398 6121     |   2  20   2 1398    
1399 6127     |   6  26   2 1399    
1400 6131     |   4  30   2 1400    
1401 6133     |   2  32   2 1401    
1402 6137     |   4  36   2 1402    
1403 6143     |   6  42   2 1403    
1404 6149     |   6  48   2 1404    
1405 6151     |   2  50   2 1405    
1406 6157     |   6  56   2 1406    
1407 6161     |   4  60   2 1407    
1408 6163     |   2  62   2 1408    
1409 6169     |   6  68   2 1409    
1410 6173     |   4  72   2 1410    
1411 6179     |   6  78   2 1411    
1412 6187     |   8  86   1 1412    
1413 6191     |   4  90   1 1413    
1414 6193     |   2  92   1 1414    
1415 6197     |   4  96   2 1415    
1416 6199     |   2  98   2 1416    
1417 6203     |   4 102   2 1417    
1418 6211     |   8   5   1 1418    
1419 6217     |   6  11   1 1419    
1420 6221     |   4  15   1 1420    
1421 6227     |   6  21   1 1421    
1422 6229     |   2  23   1 1422    
1423 6233     |   4  27   1 1423    
1424 6239     |   6  33   1 1424    
1425 6241     |   2  35   1 1425    
1426 6247     |   6  41   1 1426    
1427 6253     |   6  47   1 1427    
1428 6257     |   4  51   1 1428    
1429 6259     |   2  53   1 1429    
1430 6263     |   4  57   1 1430    
1431 6269     |   6  63   1 1431    
1432 6271     |   2  65   2 1432    
1433 6277     |   6  71   1 1433    
1434 6281     |   4  75   1 1434    
1435 6283     |   2  77   2 1435    
1436 6287     |   4  81   2 1436    
1437 6289     |   2  83   3 1437    
1438 6299     |  10  93   1 1438    
1439 6301     |   2  95   2 1439    
- - - - - - - - - - - - - - - - - - - 
1440 6311     |  10   0   0 1440    
1441 6313     |   2   2   1 1441    
1442 6317     |   4   6   1 1442    
1443 6319     |   2   8   2 1443    
1444 6323     |   4  12   2 1444    
1445 6329     |   6  18   1 1445    
1446 6331     |   2  20   2 1446    
1447 6337     |   6  26   2 1447    
1448 6341     |   4  30   2 1448    
1449 6343     |   2  32   2 1449    
1450 6347     |   4  36   2 1450    
1451 6353     |   6  42   2 1451    
1452 6359     |   6  48   2 1452    
1453 6361     |   2  50   2 1453    
1454 6367     |   6  56   2 1454    
1455 6371     |   4  60   2 1455    
1456 6373     |   2  62   2 1456    
1457 6379     |   6  68   2 1457    
1458 6383     |   4  72   2 1458    
1459 6389     |   6  78   2 1459    
1460 6397     |   8  86   1 1460    
1461 6401     |   4  90   1 1461    
1462 6403     |   2  92   1 1462    
1463 6407     |   4  96   2 1463    
1464 6409     |   2  98   2 1464    
1465 6413     |   4 102   2 1465    
1466 6421     |   8   5   1 1466    
1467 6427     |   6  11   1 1467    
1468 6431     |   4  15   1 1468    
1469 6437     |   6  21   1 1469    
1470 6439     |   2  23   1 1470    
1471 6443     |   4  27   1 1471    
1472 6449     |   6  33   1 1472    
1473 6451     |   2  35   1 1473    
1474 6457     |   6  41   1 1474    
1475 6463     |   6  47   1 1475    
1476 6467     |   4  51   1 1476    
1477 6469     |   2  53   1 1477    
1478 6473     |   4  57   1 1478    
1479 6479     |   6  63   1 1479    
1480 6481     |   2  65   2 1480    
1481 6487     |   6  71   1 1481    
1482 6491     |   4  75   1 1482    
1483 6493     |   2  77   2 1483    
1484 6497     |   4  81   2 1484    
1485 6499     |   2  83   3 1485    
1486 6509     |  10  93   1 1486    
1487 6511     |   2  95   2 1487    
- - - - - - - - - - - - - - - - - - - 
1488 6521     |  10   0   0 1488    
1489 6523     |   2   2   1 1489    
1490 6527     |   4   6   1 1490    
1491 6529     |   2   8   2 1491    
1492 6533     |   4  12   2 1492    
1493 6539     |   6  18   1 1493    
1494 6541     |   2  20   2 1494    
1495 6547     |   6  26   2 1495    
1496 6551     |   4  30   2 1496    
1497 6553     |   2  32   2 1497    
1498 6557     |   4  36   2 1498    
1499 6563     |   6  42   2 1499    
1500 6569     |   6  48   2 1500    
1501 6571     |   2  50   2 1501    
1502 6577     |   6  56   2 1502    
1503 6581     |   4  60   2 1503    
1504 6583     |   2  62   2 1504    
1505 6589     |   6  68   2 1505    
1506 6593     |   4  72   2 1506    
1507 6599     |   6  78   2 1507    
1508 6607     |   8  86   1 1508    
1509 6611     |   4  90   1 1509    
1510 6613     |   2  92   1 1510    
1511 6617     |   4  96   2 1511    
1512 6619     |   2  98   2 1512    
1513 6623     |   4 102   2 1513    
1514 6631     |   8   5   1 1514    
1515 6637     |   6  11   1 1515    
1516 6641     |   4  15   1 1516    
1517 6647     |   6  21   1 1517    
1518 6649     |   2  23   1 1518    
1519 6653     |   4  27   1 1519    
1520 6659     |   6  33   1 1520    
1521 6661     |   2  35   1 1521    
1522 6667     |   6  41   1 1522    
1523 6673     |   6  47   1 1523    
1524 6677     |   4  51   1 1524    
1525 6679     |   2  53   1 1525    
1526 6683     |   4  57   1 1526    
1527 6689     |   6  63   1 1527    
1528 6691     |   2  65   2 1528    
1529 6697     |   6  71   1 1529    
1530 6701     |   4  75   1 1530    
1531 6703     |   2  77   2 1531    
1532 6707     |   4  81   2 1532    
1533 6709     |   2  83   3 1533    
1534 6719     |  10  93   1 1534    
1535 6721     |   2  95   2 1535    
- - - - - - - - - - - - - - - - - - - 
1536 6731     |  10   0   0 1536    
1537 6733     |   2   2   1 1537    
1538 6737     |   4   6   1 1538    
1539 6739     |   2   8   2 1539    
1540 6743     |   4  12   2 1540    
1541 6749     |   6  18   1 1541    
1542 6751     |   2  20   2 1542    
1543 6757     |   6  26   2 1543    
1544 6761     |   4  30   2 1544    
1545 6763     |   2  32   2 1545    
1546 6767     |   4  36   2 1546    
1547 6773     |   6  42   2 1547    
1548 6779     |   6  48   2 1548    
1549 6781     |   2  50   2 1549    
1550 6787     |   6  56   2 1550    
1551 6791     |   4  60   2 1551    
1552 6793     |   2  62   2 1552    
1553 6799     |   6  68   2 1553    
1554 6803     |   4  72   2 1554    
1555 6809     |   6  78   2 1555    
1556 6817     |   8  86   1 1556    
1557 6821     |   4  90   1 1557    
1558 6823     |   2  92   1 1558    
1559 6827     |   4  96   2 1559    
1560 6829     |   2  98   2 1560    
1561 6833     |   4 102   2 1561    
1562 6841     |   8   5   1 1562    
1563 6847     |   6  11   1 1563    
1564 6851     |   4  15   1 1564    
1565 6857     |   6  21   1 1565    
1566 6859     |   2  23   1 1566    
1567 6863     |   4  27   1 1567    
1568 6869     |   6  33   1 1568    
1569 6871     |   2  35   1 1569    
1570 6877     |   6  41   1 1570    
1571 6883     |   6  47   1 1571    
1572 6887     |   4  51   1 1572    
1573 6889     |   2  53   1 1573    
1574 6893     |   4  57   1 1574    
1575 6899     |   6  63   1 1575    
1576 6901     |   2  65   2 1576    
1577 6907     |   6  71   1 1577    
1578 6911     |   4  75   1 1578    
1579 6913     |   2  77   2 1579    
1580 6917     |   4  81   2 1580    
1581 6919     |   2  83   3 1581    
1582 6929     |  10  93   1 1582    
1583 6931     |   2  95   2 1583    
- - - - - - - - - - - - - - - - - - - 
1584 6941     |  10   0   0 1584    
1585 6943     |   2   2   1 1585    
1586 6947     |   4   6   1 1586    
1587 6949     |   2   8   2 1587    
1588 6953     |   4  12   2 1588    
1589 6959     |   6  18   1 1589    
1590 6961     |   2  20   2 1590    
1591 6967     |   6  26   2 1591    
1592 6971     |   4  30   2 1592    
1593 6973     |   2  32   2 1593    
1594 6977     |   4  36   2 1594    
1595 6983     |   6  42   2 1595    
1596 6989     |   6  48   2 1596    
1597 6991     |   2  50   2 1597    
1598 6997     |   6  56   2 1598    
1599 7001     |   4  60   2 1599    
1600 7003     |   2  62   2 1600    
1601 7009     |   6  68   2 1601    
1602 7013     |   4  72   2 1602    
1603 7019     |   6  78   2 1603    
1604 7027     |   8  86   1 1604    
1605 7031     |   4  90   1 1605    
1606 7033     |   2  92   1 1606    
1607 7037     |   4  96   2 1607    
1608 7039     |   2  98   2 1608    
1609 7043     |   4 102   2 1609    
1610 7051     |   8   5   1 1610    
1611 7057     |   6  11   1 1611    
1612 7061     |   4  15   1 1612    
1613 7067     |   6  21   1 1613    
1614 7069     |   2  23   1 1614    
1615 7073     |   4  27   1 1615    
1616 7079     |   6  33   1 1616    
1617 7081     |   2  35   1 1617    
1618 7087     |   6  41   1 1618    
1619 7093     |   6  47   1 1619    
1620 7097     |   4  51   1 1620    
1621 7099     |   2  53   1 1621    
1622 7103     |   4  57   1 1622    
1623 7109     |   6  63   1 1623    
1624 7111     |   2  65   2 1624    
1625 7117     |   6  71   1 1625    
1626 7121     |   4  75   1 1626    
1627 7123     |   2  77   2 1627    
1628 7127     |   4  81   2 1628    
1629 7129     |   2  83   3 1629    
1630 7139     |  10  93   1 1630    
1631 7141     |   2  95   2 1631    
- - - - - - - - - - - - - - - - - - - 
1632 7151     |  10   0   0 1632    
1633 7153     |   2   2   1 1633    
1634 7157     |   4   6   1 1634    
1635 7159     |   2   8   2 1635    
1636 7163     |   4  12   2 1636    
1637 7169     |   6  18   1 1637    
1638 7171     |   2  20   2 1638    
1639 7177     |   6  26   2 1639    
1640 7181     |   4  30   2 1640    
1641 7183     |   2  32   2 1641    
1642 7187     |   4  36   2 1642    
1643 7193     |   6  42   2 1643    
1644 7199     |   6  48   2 1644    
1645 7201     |   2  50   2 1645    
1646 7207     |   6  56   2 1646    
1647 7211     |   4  60   2 1647    
1648 7213     |   2  62   2 1648    
1649 7219     |   6  68   2 1649    
1650 7223     |   4  72   2 1650    
1651 7229     |   6  78   2 1651    
1652 7237     |   8  86   1 1652    
1653 7241     |   4  90   1 1653    
1654 7243     |   2  92   1 1654    
1655 7247     |   4  96   2 1655    
1656 7249     |   2  98   2 1656    
1657 7253     |   4 102   2 1657    
1658 7261     |   8   5   1 1658    
1659 7267     |   6  11   1 1659    
1660 7271     |   4  15   1 1660    
1661 7277     |   6  21   1 1661    
1662 7279     |   2  23   1 1662    
1663 7283     |   4  27   1 1663    
1664 7289     |   6  33   1 1664    
1665 7291     |   2  35   1 1665    
1666 7297     |   6  41   1 1666    
1667 7303     |   6  47   1 1667    
1668 7307     |   4  51   1 1668    
1669 7309     |   2  53   1 1669    
1670 7313     |   4  57   1 1670    
1671 7319     |   6  63   1 1671    
1672 7321     |   2  65   2 1672    
1673 7327     |   6  71   1 1673    
1674 7331     |   4  75   1 1674    
1675 7333     |   2  77   2 1675    
1676 7337     |   4  81   2 1676    
1677 7339     |   2  83   3 1677    
1678 7349     |  10  93   1 1678    
1679 7351     |   2  95   2 1679    
- - - - - - - - - - - - - - - - - - - 
1680 7361     |  10   0   0 1680    
1681 7363     |   2   2   1 1681    
1682 7367     |   4   6   1 1682    
1683 7369     |   2   8   2 1683    
1684 7373     |   4  12   2 1684    
1685 7379     |   6  18   1 1685    
1686 7381     |   2  20   2 1686    
1687 7387     |   6  26   2 1687    
1688 7391     |   4  30   2 1688    
1689 7393     |   2  32   2 1689    
1690 7397     |   4  36   2 1690    
1691 7403     |   6  42   2 1691    
1692 7409     |   6  48   2 1692    
1693 7411     |   2  50   2 1693    
1694 7417     |   6  56   2 1694    
1695 7421     |   4  60   2 1695    
1696 7423     |   2  62   2 1696    
1697 7429     |   6  68   2 1697    
1698 7433     |   4  72   2 1698    
1699 7439     |   6  78   2 1699    
1700 7447     |   8  86   1 1700    
1701 7451     |   4  90   1 1701    
1702 7453     |   2  92   1 1702    
1703 7457     |   4  96   2 1703    
1704 7459     |   2  98   2 1704    
1705 7463     |   4 102   2 1705    
1706 7471     |   8   5   1 1706    
1707 7477     |   6  11   1 1707    
1708 7481     |   4  15   1 1708    
1709 7487     |   6  21   1 1709    
1710 7489     |   2  23   1 1710    
1711 7493     |   4  27   1 1711    
1712 7499     |   6  33   1 1712    
1713 7501     |   2  35   1 1713    
1714 7507     |   6  41   1 1714    
1715 7513     |   6  47   1 1715    
1716 7517     |   4  51   1 1716    
1717 7519     |   2  53   1 1717    
1718 7523     |   4  57   1 1718    
1719 7529     |   6  63   1 1719    
1720 7531     |   2  65   2 1720    
1721 7537     |   6  71   1 1721    
1722 7541     |   4  75   1 1722    
1723 7543     |   2  77   2 1723    
1724 7547     |   4  81   2 1724    
1725 7549     |   2  83   3 1725    
1726 7559     |  10  93   1 1726    
1727 7561     |   2  95   2 1727    
- - - - - - - - - - - - - - - - - - - 
1728 7571     |  10   0   0 1728    
1729 7573     |   2   2   1 1729    
1730 7577     |   4   6   1 1730    
1731 7579     |   2   8   2 1731    
1732 7583     |   4  12   2 1732    
1733 7589     |   6  18   1 1733    
1734 7591     |   2  20   2 1734    
1735 7597     |   6  26   2 1735    
1736 7601     |   4  30   2 1736    
1737 7603     |   2  32   2 1737    
1738 7607     |   4  36   2 1738    
1739 7613     |   6  42   2 1739    
1740 7619     |   6  48   2 1740    
1741 7621     |   2  50   2 1741    
1742 7627     |   6  56   2 1742    
1743 7631     |   4  60   2 1743    
1744 7633     |   2  62   2 1744    
1745 7639     |   6  68   2 1745    
1746 7643     |   4  72   2 1746    
1747 7649     |   6  78   2 1747    
1748 7657     |   8  86   1 1748    
1749 7661     |   4  90   1 1749    
1750 7663     |   2  92   1 1750    
1751 7667     |   4  96   2 1751    
1752 7669     |   2  98   2 1752    
1753 7673     |   4 102   2 1753    
1754 7681     |   8   5   1 1754    
1755 7687     |   6  11   1 1755    
1756 7691     |   4  15   1 1756    
1757 7697     |   6  21   1 1757    
1758 7699     |   2  23   1 1758    
1759 7703     |   4  27   1 1759    
1760 7709     |   6  33   1 1760    
1761 7711     |   2  35   1 1761    
1762 7717     |   6  41   1 1762    
1763 7723     |   6  47   1 1763    
1764 7727     |   4  51   1 1764    
1765 7729     |   2  53   1 1765    
1766 7733     |   4  57   1 1766    
1767 7739     |   6  63   1 1767    
1768 7741     |   2  65   2 1768    
1769 7747     |   6  71   1 1769    
1770 7751     |   4  75   1 1770    
1771 7753     |   2  77   2 1771    
1772 7757     |   4  81   2 1772    
1773 7759     |   2  83   3 1773    
1774 7769     |  10  93   1 1774    
1775 7771     |   2  95   2 1775    
- - - - - - - - - - - - - - - - - - - 
1776 7781     |  10   0   0 1776    
1777 7783     |   2   2   1 1777    
1778 7787     |   4   6   1 1778    
1779 7789     |   2   8   2 1779    
1780 7793     |   4  12   2 1780    
1781 7799     |   6  18   1 1781    
1782 7801     |   2  20   2 1782    
1783 7807     |   6  26   2 1783    
1784 7811     |   4  30   2 1784    
1785 7813     |   2  32   2 1785    
1786 7817     |   4  36   2 1786    
1787 7823     |   6  42   2 1787    
1788 7829     |   6  48   2 1788    
1789 7831     |   2  50   2 1789    
1790 7837     |   6  56   2 1790    
1791 7841     |   4  60   2 1791    
1792 7843     |   2  62   2 1792    
1793 7849     |   6  68   2 1793    
1794 7853     |   4  72   2 1794    
1795 7859     |   6  78   2 1795    
1796 7867     |   8  86   1 1796    
1797 7871     |   4  90   1 1797    
1798 7873     |   2  92   1 1798    
1799 7877     |   4  96   2 1799    
1800 7879     |   2  98   2 1800    
1801 7883     |   4 102   2 1801    
1802 7891     |   8   5   1 1802    
1803 7897     |   6  11   1 1803    
1804 7901     |   4  15   1 1804    
1805 7907     |   6  21   1 1805    
1806 7909     |   2  23   1 1806    
1807 7913     |   4  27   1 1807    
1808 7919     |   6  33   1 1808    
1809 7921     |   2  35   1 1809    
1810 7927     |   6  41   1 1810    
1811 7933     |   6  47   1 1811    
1812 7937     |   4  51   1 1812    
1813 7939     |   2  53   1 1813    
1814 7943     |   4  57   1 1814    
1815 7949     |   6  63   1 1815    
1816 7951     |   2  65   2 1816    
1817 7957     |   6  71   1 1817    
1818 7961     |   4  75   1 1818    
1819 7963     |   2  77   2 1819    
1820 7967     |   4  81   2 1820    
1821 7969     |   2  83   3 1821    
1822 7979     |  10  93   1 1822    
1823 7981     |   2  95   2 1823    
- - - - - - - - - - - - - - - - - - - 
1824 7991     |  10   0   0 1824    
1825 7993     |   2   2   1 1825    
1826 7997     |   4   6   1 1826    
1827 7999     |   2   8   2 1827    
1828 8003     |   4  12   2 1828    
1829 8009     |   6  18   1 1829    
1830 8011     |   2  20   2 1830    
1831 8017     |   6  26   2 1831    
1832 8021     |   4  30   2 1832    
1833 8023     |   2  32   2 1833    
1834 8027     |   4  36   2 1834    
1835 8033     |   6  42   2 1835    
1836 8039     |   6  48   2 1836    
1837 8041     |   2  50   2 1837    
1838 8047     |   6  56   2 1838    
1839 8051     |   4  60   2 1839    
1840 8053     |   2  62   2 1840    
1841 8059     |   6  68   2 1841    
1842 8063     |   4  72   2 1842    
1843 8069     |   6  78   2 1843    
1844 8077     |   8  86   1 1844    
1845 8081     |   4  90   1 1845    
1846 8083     |   2  92   1 1846    
1847 8087     |   4  96   2 1847    
1848 8089     |   2  98   2 1848    
1849 8093     |   4 102   2 1849    
1850 8101     |   8   5   1 1850    
1851 8107     |   6  11   1 1851    
1852 8111     |   4  15   1 1852    
1853 8117     |   6  21   1 1853    
1854 8119     |   2  23   1 1854    
1855 8123     |   4  27   1 1855    
1856 8129     |   6  33   1 1856    
1857 8131     |   2  35   1 1857    
1858 8137     |   6  41   1 1858    
1859 8143     |   6  47   1 1859    
1860 8147     |   4  51   1 1860    
1861 8149     |   2  53   1 1861    
1862 8153     |   4  57   1 1862    
1863 8159     |   6  63   1 1863    
1864 8161     |   2  65   2 1864    
1865 8167     |   6  71   1 1865    
1866 8171     |   4  75   1 1866    
1867 8173     |   2  77   2 1867    
1868 8177     |   4  81   2 1868    
1869 8179     |   2  83   3 1869    
1870 8189     |  10  93   1 1870    
1871 8191     |   2  95   2 1871    
- - - - - - - - - - - - - - - - - - - 
1872 8201     |  10   0   0 1872    
1873 8203     |   2   2   1 1873    
1874 8207     |   4   6   1 1874    
1875 8209     |   2   8   2 1875    
1876 8213     |   4  12   2 1876    
1877 8219     |   6  18   1 1877    
1878 8221     |   2  20   2 1878    
1879 8227     |   6  26   2 1879    
1880 8231     |   4  30   2 1880    
1881 8233     |   2  32   2 1881    
1882 8237     |   4  36   2 1882    
1883 8243     |   6  42   2 1883    
1884 8249     |   6  48   2 1884    
1885 8251     |   2  50   2 1885    
1886 8257     |   6  56   2 1886    
1887 8261     |   4  60   2 1887    
1888 8263     |   2  62   2 1888    
1889 8269     |   6  68   2 1889    
1890 8273     |   4  72   2 1890    
1891 8279     |   6  78   2 1891    
1892 8287     |   8  86   1 1892    
1893 8291     |   4  90   1 1893    
1894 8293     |   2  92   1 1894    
1895 8297     |   4  96   2 1895    
1896 8299     |   2  98   2 1896    
1897 8303     |   4 102   2 1897    
1898 8311     |   8   5   1 1898    
1899 8317     |   6  11   1 1899    
1900 8321     |   4  15   1 1900    
1901 8327     |   6  21   1 1901    
1902 8329     |   2  23   1 1902    
1903 8333     |   4  27   1 1903    
1904 8339     |   6  33   1 1904    
1905 8341     |   2  35   1 1905    
1906 8347     |   6  41   1 1906    
1907 8353     |   6  47   1 1907    
1908 8357     |   4  51   1 1908    
1909 8359     |   2  53   1 1909    
1910 8363     |   4  57   1 1910    
1911 8369     |   6  63   1 1911    
1912 8371     |   2  65   2 1912    
1913 8377     |   6  71   1 1913    
1914 8381     |   4  75   1 1914    
1915 8383     |   2  77   2 1915    
1916 8387     |   4  81   2 1916    
1917 8389     |   2  83   3 1917    
1918 8399     |  10  93   1 1918    
1919 8401     |   2  95   2 1919    
- - - - - - - - - - - - - - - - - - - 
1920 8411     |  10   0   0 1920    
1921 8413     |   2   2   1 1921    
1922 8417     |   4   6   1 1922    
1923 8419     |   2   8   2 1923    
1924 8423     |   4  12   2 1924    
1925 8429     |   6  18   1 1925    
1926 8431     |   2  20   2 1926    
1927 8437     |   6  26   2 1927    
1928 8441     |   4  30   2 1928    
1929 8443     |   2  32   2 1929    
1930 8447     |   4  36   2 1930    
1931 8453     |   6  42   2 1931    
1932 8459     |   6  48   2 1932    
1933 8461     |   2  50   2 1933    
1934 8467     |   6  56   2 1934    
1935 8471     |   4  60   2 1935    
1936 8473     |   2  62   2 1936    
1937 8479     |   6  68   2 1937    
1938 8483     |   4  72   2 1938    
1939 8489     |   6  78   2 1939    
1940 8497     |   8  86   1 1940    
1941 8501     |   4  90   1 1941    
1942 8503     |   2  92   1 1942    
1943 8507     |   4  96   2 1943    
1944 8509     |   2  98   2 1944    
1945 8513     |   4 102   2 1945    
1946 8521     |   8   5   1 1946    
1947 8527     |   6  11   1 1947    
1948 8531     |   4  15   1 1948    
1949 8537     |   6  21   1 1949    
1950 8539     |   2  23   1 1950    
1951 8543     |   4  27   1 1951    
1952 8549     |   6  33   1 1952    
1953 8551     |   2  35   1 1953    
1954 8557     |   6  41   1 1954    
1955 8563     |   6  47   1 1955    
1956 8567     |   4  51   1 1956    
1957 8569     |   2  53   1 1957    
1958 8573     |   4  57   1 1958    
1959 8579     |   6  63   1 1959    
1960 8581     |   2  65   2 1960    
1961 8587     |   6  71   1 1961    
1962 8591     |   4  75   1 1962    
1963 8593     |   2  77   2 1963    
1964 8597     |   4  81   2 1964    
1965 8599     |   2  83   3 1965    
1966 8609     |  10  93   1 1966    
1967 8611     |   2  95   2 1967    
- - - - - - - - - - - - - - - - - - - 
1968 8621     |  10   0   0 1968    
1969 8623     |   2   2   1 1969    
1970 8627     |   4   6   1 1970    
1971 8629     |   2   8   2 1971    
1972 8633     |   4  12   2 1972    
1973 8639     |   6  18   1 1973    
1974 8641     |   2  20   2 1974    
1975 8647     |   6  26   2 1975    
1976 8651     |   4  30   2 1976    
1977 8653     |   2  32   2 1977    
1978 8657     |   4  36   2 1978    
1979 8663     |   6  42   2 1979    
1980 8669     |   6  48   2 1980    
1981 8671     |   2  50   2 1981    
1982 8677     |   6  56   2 1982    
1983 8681     |   4  60   2 1983    
1984 8683     |   2  62   2 1984    
1985 8689     |   6  68   2 1985    
1986 8693     |   4  72   2 1986    
1987 8699     |   6  78   2 1987    
1988 8707     |   8  86   1 1988    
1989 8711     |   4  90   1 1989    
1990 8713     |   2  92   1 1990    
1991 8717     |   4  96   2 1991    
1992 8719     |   2  98   2 1992    
1993 8723     |   4 102   2 1993    
1994 8731     |   8   5   1 1994    
1995 8737     |   6  11   1 1995    
1996 8741     |   4  15   1 1996    
1997 8747     |   6  21   1 1997    
1998 8749     |   2  23   1 1998    
1999 8753     |   4  27   1 1999    
2000 8759     |   6  33   1 2000    
2001 8761     |   2  35   1 2001    
2002 8767     |   6  41   1 2002    
2003 8773     |   6  47   1 2003    
2004 8777     |   4  51   1 2004    
2005 8779     |   2  53   1 2005    
2006 8783     |   4  57   1 2006    
2007 8789     |   6  63   1 2007    
2008 8791     |   2  65   2 2008    
2009 8797     |   6  71   1 2009    
2010 8801     |   4  75   1 2010    
2011 8803     |   2  77   2 2011    
2012 8807     |   4  81   2 2012    
2013 8809     |   2  83   3 2013    
2014 8819     |  10  93   1 2014    
2015 8821     |   2  95   2 2015    
- - - - - - - - - - - - - - - - - - - 
2016 8831     |  10   0   0 2016    
2017 8833     |   2   2   1 2017    
2018 8837     |   4   6   1 2018    
2019 8839     |   2   8   2 2019    
2020 8843     |   4  12   2 2020    
2021 8849     |   6  18   1 2021    
2022 8851     |   2  20   2 2022    
2023 8857     |   6  26   2 2023    
2024 8861     |   4  30   2 2024    
2025 8863     |   2  32   2 2025    
2026 8867     |   4  36   2 2026    
2027 8873     |   6  42   2 2027    
2028 8879     |   6  48   2 2028    
2029 8881     |   2  50   2 2029    
2030 8887     |   6  56   2 2030    
2031 8891     |   4  60   2 2031    
2032 8893     |   2  62   2 2032    
2033 8899     |   6  68   2 2033    
2034 8903     |   4  72   2 2034    
2035 8909     |   6  78   2 2035    
2036 8917     |   8  86   1 2036    
2037 8921     |   4  90   1 2037    
2038 8923     |   2  92   1 2038    
2039 8927     |   4  96   2 2039    
2040 8929     |   2  98   2 2040    
2041 8933     |   4 102   2 2041    
2042 8941     |   8   5   1 2042    
2043 8947     |   6  11   1 2043    
2044 8951     |   4  15   1 2044    
2045 8957     |   6  21   1 2045    
2046 8959     |   2  23   1 2046    
2047 8963     |   4  27   1 2047    
2048 8969     |   6  33   1 2048    
2049 8971     |   2  35   1 2049    
2050 8977     |   6  41   1 2050    
2051 8983     |   6  47   1 2051    
2052 8987     |   4  51   1 2052    
2053 8989     |   2  53   1 2053    
2054 8993     |   4  57   1 2054    
2055 8999     |   6  63   1 2055    
2056 9001     |   2  65   2 2056    
2057 9007     |   6  71   1 2057    
2058 9011     |   4  75   1 2058    
2059 9013     |   2  77   2 2059    
2060 9017     |   4  81   2 2060    
2061 9019     |   2  83   3 2061    
2062 9029     |  10  93   1 2062    
2063 9031     |   2  95   2 2063    
- - - - - - - - - - - - - - - - - - - 
2064 9041     |  10   0   0 2064    
2065 9043     |   2   2   1 2065    
2066 9047     |   4   6   1 2066    
2067 9049     |   2   8   2 2067    
2068 9053     |   4  12   2 2068    
2069 9059     |   6  18   1 2069    
2070 9061     |   2  20   2 2070    
2071 9067     |   6  26   2 2071    
2072 9071     |   4  30   2 2072    
2073 9073     |   2  32   2 2073    
2074 9077     |   4  36   2 2074    
2075 9083     |   6  42   2 2075    
2076 9089     |   6  48   2 2076    
2077 9091     |   2  50   2 2077    
2078 9097     |   6  56   2 2078    
2079 9101     |   4  60   2 2079    
2080 9103     |   2  62   2 2080    
2081 9109     |   6  68   2 2081    
2082 9113     |   4  72   2 2082    
2083 9119     |   6  78   2 2083    
2084 9127     |   8  86   1 2084    
2085 9131     |   4  90   1 2085    
2086 9133     |   2  92   1 2086    
2087 9137     |   4  96   2 2087    
2088 9139     |   2  98   2 2088    
2089 9143     |   4 102   2 2089    
2090 9151     |   8   5   1 2090    
2091 9157     |   6  11   1 2091    
2092 9161     |   4  15   1 2092    
2093 9167     |   6  21   1 2093    
2094 9169     |   2  23   1 2094    
2095 9173     |   4  27   1 2095    
2096 9179     |   6  33   1 2096    
2097 9181     |   2  35   1 2097    
2098 9187     |   6  41   1 2098    
2099 9193     |   6  47   1 2099    
2100 9197     |   4  51   1 2100    
2101 9199     |   2  53   1 2101    
2102 9203     |   4  57   1 2102    
2103 9209     |   6  63   1 2103    
2104 9211     |   2  65   2 2104    
2105 9217     |   6  71   1 2105    
2106 9221     |   4  75   1 2106    
2107 9223     |   2  77   2 2107    
2108 9227     |   4  81   2 2108    
2109 9229     |   2  83   3 2109    
2110 9239     |  10  93   1 2110    
2111 9241     |   2  95   2 2111    
- - - - - - - - - - - - - - - - - - - 
2112 9251     |  10   0   0 2112    
2113 9253     |   2   2   1 2113    
2114 9257     |   4   6   1 2114    
2115 9259     |   2   8   2 2115    
2116 9263     |   4  12   2 2116    
2117 9269     |   6  18   1 2117    
2118 9271     |   2  20   2 2118    
2119 9277     |   6  26   2 2119    
2120 9281     |   4  30   2 2120    
2121 9283     |   2  32   2 2121    
2122 9287     |   4  36   2 2122    
2123 9293     |   6  42   2 2123    
2124 9299     |   6  48   2 2124    
2125 9301     |   2  50   2 2125    
2126 9307     |   6  56   2 2126    
2127 9311     |   4  60   2 2127    
2128 9313     |   2  62   2 2128    
2129 9319     |   6  68   2 2129    
2130 9323     |   4  72   2 2130    
2131 9329     |   6  78   2 2131    
2132 9337     |   8  86   1 2132    
2133 9341     |   4  90   1 2133    
2134 9343     |   2  92   1 2134    
2135 9347     |   4  96   2 2135    
2136 9349     |   2  98   2 2136    
2137 9353     |   4 102   2 2137    
2138 9361     |   8   5   1 2138    
2139 9367     |   6  11   1 2139    
2140 9371     |   4  15   1 2140    
2141 9377     |   6  21   1 2141    
2142 9379     |   2  23   1 2142    
2143 9383     |   4  27   1 2143    
2144 9389     |   6  33   1 2144    
2145 9391     |   2  35   1 2145    
2146 9397     |   6  41   1 2146    
2147 9403     |   6  47   1 2147    
2148 9407     |   4  51   1 2148    
2149 9409     |   2  53   1 2149    
2150 9413     |   4  57   1 2150    
2151 9419     |   6  63   1 2151    
2152 9421     |   2  65   2 2152    
2153 9427     |   6  71   1 2153    
2154 9431     |   4  75   1 2154    
2155 9433     |   2  77   2 2155    
2156 9437     |   4  81   2 2156    
2157 9439     |   2  83   3 2157    
2158 9449     |  10  93   1 2158    
2159 9451     |   2  95   2 2159    
- - - - - - - - - - - - - - - - - - - 
2160 9461     |  10   0   0 2160    
2161 9463     |   2   2   1 2161    
2162 9467     |   4   6   1 2162    
2163 9469     |   2   8   2 2163    
2164 9473     |   4  12   2 2164    
2165 9479     |   6  18   1 2165    
2166 9481     |   2  20   2 2166    
2167 9487     |   6  26   2 2167    
2168 9491     |   4  30   2 2168    
2169 9493     |   2  32   2 2169    
2170 9497     |   4  36   2 2170    
2171 9503     |   6  42   2 2171    
2172 9509     |   6  48   2 2172    
2173 9511     |   2  50   2 2173    
2174 9517     |   6  56   2 2174    
2175 9521     |   4  60   2 2175    
2176 9523     |   2  62   2 2176    
2177 9529     |   6  68   2 2177    
2178 9533     |   4  72   2 2178    
2179 9539     |   6  78   2 2179    
2180 9547     |   8  86   1 2180    
2181 9551     |   4  90   1 2181    
2182 9553     |   2  92   1 2182    
2183 9557     |   4  96   2 2183    
2184 9559     |   2  98   2 2184    
2185 9563     |   4 102   2 2185    
2186 9571     |   8   5   1 2186    
2187 9577     |   6  11   1 2187    
2188 9581     |   4  15   1 2188    
2189 9587     |   6  21   1 2189    
2190 9589     |   2  23   1 2190    
2191 9593     |   4  27   1 2191    
2192 9599     |   6  33   1 2192    
2193 9601     |   2  35   1 2193    
2194 9607     |   6  41   1 2194    
2195 9613     |   6  47   1 2195    
2196 9617     |   4  51   1 2196    
2197 9619     |   2  53   1 2197    
2198 9623     |   4  57   1 2198    
2199 9629     |   6  63   1 2199    
2200 9631     |   2  65   2 2200    
2201 9637     |   6  71   1 2201    
2202 9641     |   4  75   1 2202    
2203 9643     |   2  77   2 2203    
2204 9647     |   4  81   2 2204    
2205 9649     |   2  83   3 2205    
2206 9659     |  10  93   1 2206    
2207 9661     |   2  95   2 2207    
- - - - - - - - - - - - - - - - - - - 
2208 9671     |  10   0   0 2208    
2209 9673     |   2   2   1 2209    
2210 9677     |   4   6   1 2210    
2211 9679     |   2   8   2 2211    
2212 9683     |   4  12   2 2212    
2213 9689     |   6  18   1 2213    
2214 9691     |   2  20   2 2214    
2215 9697     |   6  26   2 2215    
2216 9701     |   4  30   2 2216    
2217 9703     |   2  32   2 2217    
2218 9707     |   4  36   2 2218    
2219 9713     |   6  42   2 2219    
2220 9719     |   6  48   2 2220    
2221 9721     |   2  50   2 2221    
2222 9727     |   6  56   2 2222    
2223 9731     |   4  60   2 2223    
2224 9733     |   2  62   2 2224    
2225 9739     |   6  68   2 2225    
2226 9743     |   4  72   2 2226    
2227 9749     |   6  78   2 2227    
2228 9757     |   8  86   1 2228    
2229 9761     |   4  90   1 2229    
2230 9763     |   2  92   1 2230    
2231 9767     |   4  96   2 2231    
2232 9769     |   2  98   2 2232    
2233 9773     |   4 102   2 2233    
2234 9781     |   8   5   1 2234    
2235 9787     |   6  11   1 2235    
2236 9791     |   4  15   1 2236    
2237 9797     |   6  21   1 2237    
2238 9799     |   2  23   1 2238    
2239 9803     |   4  27   1 2239    
2240 9809     |   6  33   1 2240    
2241 9811     |   2  35   1 2241    
2242 9817     |   6  41   1 2242    
2243 9823     |   6  47   1 2243    
2244 9827     |   4  51   1 2244    
2245 9829     |   2  53   1 2245    
2246 9833     |   4  57   1 2246    
2247 9839     |   6  63   1 2247    
2248 9841     |   2  65   2 2248    
2249 9847     |   6  71   1 2249    
2250 9851     |   4  75   1 2250    
2251 9853     |   2  77   2 2251    
2252 9857     |   4  81   2 2252    
2253 9859     |   2  83   3 2253    
2254 9869     |  10  93   1 2254    
2255 9871     |   2  95   2 2255    
- - - - - - - - - - - - - - - - - - - 
2256 9881     |  10   0   0 2256    
2257 9883     |   2   2   1 2257    
2258 9887     |   4   6   1 2258    
2259 9889     |   2   8   2 2259    
2260 9893     |   4  12   2 2260    
2261 9899     |   6  18   1 2261    
2262 9901     |   2  20   2 2262    
2263 9907     |   6  26   2 2263    
2264 9911     |   4  30   2 2264    
2265 9913     |   2  32   2 2265    
2266 9917     |   4  36   2 2266    
2267 9923     |   6  42   2 2267    
2268 9929     |   6  48   2 2268    
2269 9931     |   2  50   2 2269    
2270 9937     |   6  56   2 2270    
2271 9941     |   4  60   2 2271    
2272 9943     |   2  62   2 2272    
2273 9949     |   6  68   2 2273    
2274 9953     |   4  72   2 2274    
2275 9959     |   6  78   2 2275    
2276 9967     |   8  86   1 2276    
2277 9971     |   4  90   1 2277    
2278 9973     |   2  92   1 2278    
2279 9977     |   4  96   2 2279    
2280 9979     |   2  98   2 2280    
2281 9983     |   4 102   2 2281    
2282 9991     |   8   5   1 2282    
2283 9997     |   6  11   1 2283    
